0.000000000000000000e+00
1.221432139595055172e-01
2.424573299213667599e-01
3.591406406808990148e-01
4.704458104414570019e-01
5.747060412161790754e-01
6.703600331738098772e-01
7.559753651467323587e-01
8.302699451774574468e-01
8.921312098810471047e-01
9.406327851124866024e-01
9.750483584450551078e-01
9.948625557189465507e-01
9.997786587835265637e-01
9.897230488598214304e-01
9.648463089837633344e-01
9.255209690210743911e-01
8.723359270222535988e-01
8.060876304580295582e-01
7.277681493965197923e-01
6.385503202266024081e-01
5.397701824006441162e-01
4.329069712068573383e-01
3.195609661800596912e-01
2.014295268715106391e-01
8.028167484281349686e-02
-4.206839748075030111e-02
-1.637884943918319347e-01
-2.830558540822555869e-01
-3.980844445513699870e-01
-5.071517094845140461e-01
-6.086243635813365360e-01
-7.009828510482132291e-01
-7.828441009881617063e-01
-8.529822389256723758e-01
-9.103469443107823356e-01
-9.540791790982839915e-01
-9.835240518661376719e-01
-9.982406248325813580e-01
-9.980085169115728849e-01
-9.828312039256307253e-01
-9.529359665552958880e-01
-9.087704868046733164e-01
-8.509961439510725922e-01
-7.804781103720923596e-01
-6.982723955654002168e-01
-6.056100323773875305e-01
-5.038786422523406916e-01
-3.946016555630424971e-01
-2.794154981989258602e-01
